5000 27.1563
5100 28.7047
5200 29.6674
5300 30.6771
5400 31.9023
5500 33.1717
5600 34.1278
5700 35.7991
5800 36.5411
5900 38.1677
6000 39.2963
6100 41.0123
6200 42.1073
6300 43.2897
6400 45.0963
6500 46.4035
6600 47.4727
6700 49.5347
6800 50.7785
6900 51.9552
7000 54.0789
7100 55.0367
7200 56.4969
7300 57.7004
7400 58.5868
7500 61.7339
7600 62.8761
7700 64.9959
7800 66.5268
7900 67.725
8000 69.0552
8100 71.5749
8200 73.4343
8300 75.1467
8400 76.5751
8500 79.2903
8600 80.4875
8700 81.8403
8800 84.205
8900 86.1842
9000 88.3303
9100 89.8763
9200 92.6524
9300 93.9804
9400 95.3584
9500 98.2435
9600 99.2737
9700 102.872
9800 103.763
9900 105.478
