5000 26.7586
5100 28.1904
5200 29.2197
5300 30.2522
5400 31.5954
5500 32.3527
5600 33.7915
5700 34.8988
5800 36.2548
5900 37.0917
6000 38.2298
6100 39.7906
6200 41.1563
6300 42.4781
6400 43.7533
6500 45.324
6600 46.3995
6700 47.5684
6800 50.011
6900 51.0594
7000 52.8951
7100 54.4932
7200 55.5867
7300 56.9449
7400 58.0198
7500 59.6514
7600 61.6816
7700 63.4049
7800 64.7146
7900 66.698
8000 68.7531
8100 70.6745
8200 71.5946
8300 74.0235
8400 74.8932
8500 76.8541
8600 79.2041
8700 80.8627
8800 83.0906
8900 84.6232
9000 86.2837
9100 88.2989
9200 89.7425
9300 92.6744
9400 94.244
9500 96.3006
9600 98.863
9700 99.973
9800 102.493
9900 104.589
