5000 26.6957
5100 28.4791
5200 29.2546
5300 30.1996
5400 31.3475
5500 33.186
5600 34.1074
5700 35.0701
5800 35.9431
5900 37.7386
6000 38.5253
6100 39.7179
6200 41.3855
6300 42.4487
6400 44.0494
6500 45.6505
6600 46.8388
6700 48.0337
6800 49.4171
6900 50.3113
7000 52.1569
7100 54.0467
7200 55.1747
7300 57.0641
7400 58.5328
7500 59.5287
7600 62.3075
7700 63.4003
7800 65.0967
7900 66.954
8000 68.0454
8100 70.132
8200 72.6719
8300 74.4159
8400 74.3426
8500 77.6136
8600 79.6421
8700 80.9764
8800 83.1216
8900 84.712
9000 85.2714
9100 88.6079
9200 90.1781
9300 92.567
9400 94.6398
9500 96.7257
9600 98.7289
9700 100.309
9800 102.145
9900 105.436
