5000 26.8136
5100 27.8652
5200 29.1723
5300 30.1921
5400 31.4644
5500 32.4769
5600 33.5571
5700 34.8218
5800 35.6893
5900 37.3689
6000 38.5548
6100 39.5784
6200 41.4375
6300 42.1613
6400 43.8827
6500 45.3318
6600 47.2004
6700 48.0828
6800 49.9862
6900 50.5436
7000 51.6586
7100 53.5502
7200 55.2894
7300 56.9178
7400 57.957
7500 60.1142
7600 62.335
7700 62.767
7800 64.2233
7900 66.5744
8000 68.3523
8100 69.8392
8200 72.4974
8300 73.4549
8400 75.1353
8500 77.0429
8600 78.2262
8700 80.2646
8800 82.182
8900 84.5657
9000 85.581
9100 88.3649
9200 90.1864
9300 91.8338
9400 93.9326
9500 96.1358
9600 98.1139
9700 99.7297
9800 102.309
9900 103.845
