5000 25054838
5100 26065822
5200 27097094
5300 28148291
5400 29219388
5500 30310562
5600 31421576
5700 32553029
5800 33703712
5900 34875528
6000 36066933
6100 37278486
6200 38509250
6300 39759926
6400 41032058
6500 42321919
6600 43634751
6700 44964816
6800 46317119
6900 47689086
7000 49078581
7100 50489267
7200 51920705
7300 53371922
7400 54844272
7500 56334121
7600 57847278
7700 59377416
7800 60929407
7900 62499185
8000 64090248
8100 65702049
8200 67332912
8300 68985000
8400 70655617
8500 72346609
8600 74058714
8700 75789662
8800 77540477
8900 79312272
9000 81103685
9100 82914305
9200 84746972
9300 86597992
9400 88468003
9500 90360621
9600 92271973
9700 94202018
9800 96154166
9900 98124939
