5000 25024999
5100 26035499
5200 27065999
5300 28116499
5400 29186999
5500 30277499
5600 31387999
5700 32518499
5800 33668999
5900 34839499
6000 36029999
6100 37240499
6200 38470999
6300 39721499
6400 40991999
6500 42282499
6600 43592999
6700 44923499
6800 46273999
6900 47644499
7000 49034999
7100 50445499
7200 51875999
7300 53326499
7400 54796999
7500 56287499
7600 57790402
7700 59320802
7800 60871202
7900 62441602
8000 64032002
8100 65642402
8200 67272802
8300 68923202
8400 70593602
8500 72284002
8600 73994402
8700 75724802
8800 77475202
8900 79245602
9000 81036002
9100 82846402
9200 84676802
9300 86527202
9400 88397602
9500 90288002
9600 92198402
9700 94128802
9800 96079202
9900 98049602
