5000 25020000
5100 26030400
5200 27060800
5300 28111200
5400 29181600
5500 30272000
5600 31382400
5700 32512800
5800 33663200
5900 34833600
6000 36024000
6100 37234400
6200 38464800
6300 39715200
6400 40985600
6500 42276000
6600 43586400
6700 44916800
6800 46267200
6900 47637600
7000 49028000
7100 50438400
7200 51868800
7300 53319200
7400 54789600
7500 56280000
7600 57790400
7700 59320800
7800 60871200
7900 62441600
8000 64032000
8100 65642400
8200 67272800
8300 68923200
8400 70593600
8500 72284000
8600 73994400
8700 75724800
8800 77475200
8900 79245600
9000 81036000
9100 82846400
9200 84676800
9300 86527200
9400 88397600
9500 90288000
9600 92198400
9700 94128800
9800 96079200
9900 98049600
