5000 31270000
5100 32532900
5200 33820800
5300 35133700
5400 36471600
5500 37834500
5600 39222400
5700 40635300
5800 42073200
5900 43536100
6000 45024000
6100 46536900
6200 48074800
6300 49637700
6400 51225600
6500 52838500
6600 54476400
6700 56139300
6800 57827200
6900 59540100
7000 61278000
7100 63040900
7200 64828800
7300 66641700
7400 68479600
7500 70342500
7600 72230400
7700 74143300
7800 76081200
7900 78044100
8000 80032000
8100 82044900
8200 84082800
8300 86145700
8400 88233600
8500 90346500
8600 92484400
8700 94647300
8800 96835200
8900 99048100
9000 101286000
9100 103548900
9200 105836800
9300 108149700
9400 110487600
9500 112850500
9600 115238400
9700 117651300
9800 120089200
9900 122552100
