5000 25020002
5100 26030402
5200 27060802
5300 28111202
5400 29181602
5500 30272002
5600 31382402
5700 32512802
5800 33663202
5900 34833602
6000 36024002
6100 37234402
6200 38464802
6300 39715202
6400 40985602
6500 42276002
6600 43586402
6700 44916802
6800 46267202
6900 47637602
7000 49028002
7100 50438402
7200 51868802
7300 53319202
7400 54789602
7500 56280002
7600 57790402
7700 59320802
7800 60871202
7900 62441602
8000 64032002
8100 65642402
8200 67272802
8300 68923202
8400 70593602
8500 72284002
8600 73994402
8700 75724802
8800 77475202
8900 79245602
9000 81036002
9100 82846402
9200 84676802
9300 86527202
9400 88397602
9500 90288002
9600 92198402
9700 94128802
9800 96079202
9900 98049602
