5000 0.975019
5100 0.941416
5200 0.968019
5300 0.975575
5400 0.99393
5500 1.0298
5600 1.04117
5700 1.05532
5800 1.09384
5900 1.09912
6000 1.09554
6100 1.16353
6200 1.16298
6300 1.20729
6400 1.1809
6500 1.21405
6600 1.232
6700 1.23778
6800 1.25449
6900 1.28311
7000 1.25191
7100 1.38199
7200 1.38175
7300 1.39478
7400 1.36575
7500 1.41734
7600 1.4219
7700 1.4571
7800 1.47906
7900 1.46091
8000 1.50235
8100 1.55839
8200 1.57323
8300 1.5865
8400 1.55166
8500 1.63708
8600 1.62373
8700 1.62528
8800 1.64581
8900 1.70725
9000 1.76099
9100 1.7787
9200 1.76671
9300 1.79287
9400 1.77287
9500 1.78681
9600 1.84554
9700 1.90377
9800 1.94454
9900 1.94147
