5000 160.663
5100 167.496
5200 178.575
5300 188.104
5400 188.864
5500 200.316
5600 206.498
5700 210.8
5800 215.252
5900 226.417
6000 231.567
6100 239.826
6200 246.704
6300 260.709
6400 269.351
6500 272.742
6600 279.366
6700 294.565
6800 304.577
6900 317.89
7000 325.844
7100 335.703
7200 341.466
7300 358.052
7400 361.049
7500 373.995
7600 387.208
7700 394.973
7800 402.064
7900 416.992
8000 429.717
8100 434.106
8200 448.279
8300 459.868
8400 475.136
8500 481.342
8600 492.342
8700 509.113
8800 522.783
8900 524.131
9000 539.205
9100 555.011
9200 569.391
9300 574.461
9400 583.287
9500 598.153
9600 623.598
9700 636.616
9800 654.054
9900 653.94
