5000 99.1457
5100 103.293
5200 107.74
5300 109.738
5400 115.587
5500 118.448
5600 121.319
5700 126.697
5800 132.278
5900 134.945
6000 139.96
6100 145.137
6200 150.151
6300 154.553
6400 159.249
6500 166.421
6600 170.461
6700 174.487
6800 180.623
6900 184.702
7000 192.676
7100 198.204
7200 201.716
7300 208.067
7400 214.706
7500 222.082
7600 224.952
7700 229.892
7800 232.655
7900 240.711
8000 251.103
8100 259.502
8200 261.767
8300 270.961
8400 274.793
8500 280.338
8600 289.691
8700 293.09
8800 299.713
8900 311.382
9000 313.453
9100 321.955
9200 330.352
9300 338.914
9400 344.344
9500 351.479
9600 358.366
9700 369.545
9800 370.507
9900 380.448
