5000 164.542
5100 170.794
5200 176.632
5300 183.518
5400 192.35
5500 201.211
5600 206.212
5700 216.165
5800 223.564
5900 228.875
6000 237.006
6100 248.356
6200 253.611
6300 264.989
6400 271.366
6500 280.296
6600 287.446
6700 295.207
6800 308.097
6900 315.322
7000 325.365
7100 339.444
7200 346.544
7300 355.84
7400 365.456
7500 378.041
7600 386.881
7700 395.422
7800 403.403
7900 413.546
8000 428.338
8100 437.133
8200 448.873
8300 462.797
8400 473.154
8500 485.422
8600 494.296
8700 511.666
8800 514.429
8900 525.185
9000 540.918
9100 554.145
9200 563.607
9300 580.114
9400 594.679
9500 603.666
9600 613.354
9700 620.89
9800 642.227
9900 656.632
