5000 62497509
5100 65032952
5200 67608402
5300 70233852
5400 72909302
5500 75634752
5600 78410202
5700 81235652
5800 84111102
5900 87036552
6000 90012002
6100 93037452
6200 96112902
6300 99238352
6400 102413802
6500 105639252
6600 108914702
6700 112240152
6800 115615602
6900 119041052
7000 122516502
7100 126041952
7200 129617402
7300 133242852
7400 136918302
7500 140643752
7600 144419202
7700 148244652
7800 152120102
7900 156045552
8000 160021002
8100 164046452
8200 168121902
8300 172247352
8400 176422802
8500 180648252
8600 184923702
8700 189249152
8800 193624602
8900 198050052
9000 202525502
9100 207050952
9200 211626402
9300 216251852
9400 220927302
9500 225652752
9600 230428202
9700 235253652
9800 240129102
9900 245054552
