5000 43772502
5100 45540452
5200 47343402
5300 49181352
5400 51054302
5500 52962252
5600 54905202
5700 56883152
5800 58896102
5900 60944052
6000 63027002
6100 65144952
6200 67297902
6300 69485852
6400 71708802
6500 73966752
6600 76259702
6700 78587652
6800 80950602
6900 83348552
7000 85781502
7100 88249452
7200 90752402
7300 93290352
7400 95863302
7500 98471252
7600 101114202
7700 103792152
7800 106505102
7900 109253052
8000 112036002
8100 114853952
8200 117706902
8300 120594852
8400 123517802
8500 126475752
8600 129468702
8700 132496652
8800 135559602
8900 138657552
9000 141790502
9100 144958452
9200 148161402
9300 151399352
9400 154672302
9500 157980252
9600 161323202
9700 164701152
9800 168114102
9900 171562052
