5000 62497509
5100 65022459
5200 67597409
5300 70222359
5400 72897309
5500 75622259
5600 78397209
5700 81222159
5800 84097109
5900 87022059
6000 89997009
6100 93021959
6200 96096909
6300 99221859
6400 102396809
6500 105621759
6600 108896709
6700 112221659
6800 115596609
6900 119021559
7000 122496509
7100 126021459
7200 129596409
7300 133221359
7400 136896309
7500 140621259
7600 144411702
7700 148237152
7800 152112602
7900 156038052
8000 160013502
8100 164038952
8200 168114402
8300 172239852
8400 176415302
8500 180640752
8600 184916202
8700 189241652
8800 193617102
8900 198042552
9000 202518002
9100 207043452
9200 211618902
9300 216244352
9400 220919802
9500 225645252
9600 230420702
9700 235246152
9800 240121602
9900 245047052
