5000 62515002
5100 65040452
5200 67615902
5300 70241352
5400 72916802
5500 75642252
5600 78417702
5700 81243152
5800 84118602
5900 87044052
6000 90019502
6100 93044952
6200 96120402
6300 99245852
6400 102421302
6500 105646752
6600 108922202
6700 112247652
6800 115623102
6900 119048552
7000 122524002
7100 126049452
7200 129624902
7300 133250352
7400 136925802
7500 140651252
7600 144426702
7700 148252152
7800 152127602
7900 156053052
8000 160028502
8100 164053952
8200 168129402
8300 172254852
8400 176430302
8500 180655752
8600 184931202
8700 189256652
8800 193632102
8900 198057552
9000 202533002
9100 207058452
9200 211633902
9300 216259352
9400 220934802
9500 225660252
9600 230435702
9700 235261152
9800 240136602
9900 245062052
