5000 269896
5100 275643
5200 288508
5300 296039
5400 297144
5500 349780
5600 321077
5700 321696
5800 366249
5900 331808
6000 336032
6100 375307
6200 360156
6300 351116
6400 406543
6500 370592
6600 376195
6700 388534
6800 371412
6900 414682
7000 430507
7100 426702
7200 410559
7300 404228
7400 434446
7500 435267
7600 444927
7700 455680
7800 482896
7900 435301
8000 489122
8100 491215
8200 486720
8300 497210
8400 497930
8500 546488
8600 505082
8700 503861
8800 523752
8900 509545
9000 516827
9100 547109
9200 538438
9300 579988
9400 562869
9500 555628
9600 578816
9700 630158
9800 595539
9900 616208
