5000 62522502
5100 65047952
5200 67623402
5300 70248852
5400 72924302
5500 75649752
5600 78425202
5700 81250652
5800 84126102
5900 87051552
6000 90027002
6100 93052452
6200 96127902
6300 99253352
6400 102428802
6500 105654252
6600 108929702
6700 112255152
6800 115630602
6900 119056052
7000 122531502
7100 126056952
7200 129632402
7300 133257852
7400 136933302
7500 140658752
7600 144434202
7700 148259652
7800 152135102
7900 156060552
8000 160036002
8100 164061452
8200 168136902
8300 172262352
8400 176437802
8500 180663252
8600 184938702
8700 189264152
8800 193639602
8900 198065052
9000 202540502
9100 207065952
9200 211641402
9300 216266852
9400 220942302
9500 225667752
9600 230443202
9700 235268652
9800 240144102
9900 245069552
