5000 24.7267
5100 25.9454
5200 26.7455
5300 27.7726
5400 28.8579
5500 29.8015
5600 31.026
5700 32.2682
5800 33.6123
5900 34.6293
6000 35.4835
6100 36.7043
6200 38.3429
6300 39.163
6400 40.8057
6500 41.4643
6600 42.8428
6700 44.5874
6800 45.9604
6900 47.0967
7000 48.3132
7100 49.8646
7200 50.8932
7300 52.6159
7400 54.3058
7500 55.274
7600 56.699
7700 57.6023
7800 60.241
7900 60.7728
8000 62.7088
8100 64.6931
8200 66.1188
8300 67.8368
8400 68.6903
8500 71.1706
8600 71.4286
8700 74.1569
8800 76.615
8900 77.7177
9000 79.9698
9100 80.6698
9200 83.7267
9300 84.681
9400 85.9984
9500 86.6883
9600 89.9095
9700 91.8881
9800 94.1497
9900 96.8368
