5000 25.7595
5100 26.3846
5200 27.7131
5300 28.9508
5400 29.8815
5500 31.3383
5600 32.1418
5700 33.2363
5800 34.619
5900 35.702
6000 36.5329
6100 38.2553
6200 39.4665
6300 40.6785
6400 41.7826
6500 43.1224
6600 44.4371
6700 45.6532
6800 47.1271
6900 48.6415
7000 50.0159
7100 51.1993
7200 52.6914
7300 54.318
7400 55.78
7500 57.2424
7600 58.543
7700 59.9654
7800 61.4252
7900 63.6608
8000 64.3886
8100 66.4705
8200 67.5803
8300 70.1092
8400 71.7527
8500 73.2558
8600 74.515
8700 76.4519
8800 78.4856
8900 79.8736
9000 82.0472
9100 83.2344
9200 85.5292
9300 86.3989
9400 87.6251
9500 89.9758
9600 91.193
9700 92.7498
9800 94.792
9900 97.3695
