5000 24.8374
5100 25.4786
5200 26.6536
5300 27.981
5400 28.7268
5500 29.9761
5600 30.8892
5700 32.2998
5800 33.2538
5900 33.9721
6000 35.6729
6100 36.5664
6200 38.2238
6300 39.1507
6400 40.5288
6500 41.0477
6600 42.8541
6700 44.4434
6800 45.4748
6900 46.8426
7000 47.9974
7100 49.914
7200 50.4771
7300 52.9439
7400 53.5098
7500 54.7329
7600 56.4928
7700 58.3044
7800 59.1087
7900 61.9434
8000 63.1195
8100 64.5825
8200 66.2147
8300 67.3281
8400 69.2353
8500 70.5704
8600 73.2098
8700 74.1685
8800 76.956
8900 78.1325
9000 79.9549
9100 81.3726
9200 82.683
9300 84.9698
9400 85.1792
9500 88.8576
9600 90.3866
9700 91.9967
9800 93.6146
9900 96.3931
