5000 25015000
5100 26025300
5200 27055600
5300 28105900
5400 29176200
5500 30266500
5600 31376800
5700 32507100
5800 33657400
5900 34827700
6000 36018000
6100 37228300
6200 38458600
6300 39708900
6400 40979200
6500 42269500
6600 43579800
6700 44910100
6800 46260400
6900 47630700
7000 49021000
7100 50431300
7200 51861600
7300 53311900
7400 54782200
7500 56272500
7600 57782800
7700 59313100
7800 60863400
7900 62433700
8000 64024000
8100 65634300
8200 67264600
8300 68914900
8400 70585200
8500 72275500
8600 73985800
8700 75716100
8800 77466400
8900 79236700
9000 81027000
9100 82837300
9200 84667600
9300 86517900
9400 88388200
9500 90278500
9600 92188800
9700 94119100
9800 96069400
9900 98039700
