5000 35847382
5100 37032000
5200 38660020
5300 39985752
5400 41672826
5500 42821778
5600 44694714
5700 45885656
5800 47595474
5900 49110140
6000 50818648
6100 52374430
6200 54182148
6300 56007280
6400 57504028
6500 59437606
6600 61339128
6700 62963058
6800 64938518
6900 66862962
7000 68764966
7100 70551246
7200 72480382
7300 74454394
7400 76649148
7500 78364948
7600 80333256
7700 82573976
7800 84868182
7900 86917088
8000 89066058
8100 91074144
8200 93756252
8300 95491316
8400 97566032
8500 99977730
8600 101824876
8700 104498804
8800 106480548
8900 109037056
9000 111812064
9100 113799970
9200 116810844
9300 118871142
9400 121548570
9500 124360238
9600 126322398
9700 129187366
9800 131927068
9900 134269850
