5000 25024998
5100 26035298
5200 27065598
5300 28115898
5400 29186198
5500 30276498
5600 31386798
5700 32517098
5800 33667398
5900 34837698
6000 36027998
6100 37238298
6200 38468598
6300 39718898
6400 40989198
6500 42279498
6600 43589798
6700 44920098
6800 46270398
6900 47640698
7000 49030998
7100 50441298
7200 51871598
7300 53321898
7400 54792198
7500 56282498
7600 57792798
7700 59323098
7800 60873398
7900 62443698
8000 64033998
8100 65644298
8200 67274598
8300 68924898
8400 70595198
8500 72285498
8600 73995798
8700 75726098
8800 77476398
8900 79246698
9000 81036998
9100 82847298
9200 84677598
9300 86527898
9400 88398198
9500 90288498
9600 92198798
9700 94129098
9800 96079398
9900 98049698
