5000 25024998
5100 26045298
5200 27075598
5300 28125898
5400 29196198
5500 30286498
5600 31396798
5700 32527098
5800 33677398
5900 34847698
6000 36037998
6100 37248298
6200 38478598
6300 39728898
6400 40999198
6500 42289498
6600 43599798
6700 44930098
6800 46280398
6900 47650698
7000 49040998
7100 50451298
7200 51881598
7300 53331898
7400 54802198
7500 56292498
7600 57802798
7700 59333098
7800 60883398
7900 62453698
8000 64043998
8100 65654298
8200 67284598
8300 68934898
8400 70605198
8500 72295498
8600 74005798
8700 75736098
8800 77486398
8900 79256698
9000 81046998
9100 82857298
9200 84687598
9300 86537898
9400 88408198
9500 90298498
9600 92208798
9700 94139098
9800 96089398
9900 98059698
