5000 50010000
5100 52030200
5200 54090400
5300 56190600
5400 58330800
5500 60511000
5600 62731200
5700 64991400
5800 67291600
5900 69631800
6000 72012000
6100 74432200
6200 76892400
6300 79392600
6400 81932800
6500 84513000
6600 87133200
6700 89793400
6800 92493600
6900 95233800
7000 98014000
7100 100834200
7200 103694400
7300 106594600
7400 109534800
7500 112515000
7600 115535200
7700 118595400
7800 121695600
7900 124835800
8000 128016000
8100 131236200
8200 134496400
8300 137796600
8400 141136800
8500 144517000
8600 147937200
8700 151397400
8800 154897600
8900 158437800
9000 162018000
9100 165638200
9200 169298400
9300 172998600
9400 176738800
9500 180519000
9600 184339200
9700 188199400
9800 192099600
9900 196039800
