5000 25024998
5100 26035498
5200 27065998
5300 28116498
5400 29186998
5500 30277498
5600 31387998
5700 32518498
5800 33668998
5900 34839498
6000 36029998
6100 37240498
6200 38470998
6300 39721498
6400 40991998
6500 42282498
6600 43592998
6700 44923498
6800 46273998
6900 47644498
7000 49034998
7100 50445498
7200 51875998
7300 53326498
7400 54796998
7500 56287498
7600 57812798
7700 59343098
7800 60893398
7900 62463698
8000 64053998
8100 65664298
8200 67294598
8300 68944898
8400 70615198
8500 72305498
8600 74015798
8700 75746098
8800 77496398
8900 79266698
9000 81056998
9100 82867298
9200 84697598
9300 86547898
9400 88418198
9500 90308498
9600 92218798
9700 94149098
9800 96099398
9900 98069698
