5000 76.945
5100 81.0948
5200 84.2686
5300 86.7262
5400 90.0124
5500 93.7743
5600 96.0171
5700 101.76
5800 104.299
5900 109.219
6000 112.335
6100 115.501
6200 119.618
6300 123.896
6400 126.876
6500 131.748
6600 134.183
6700 139.838
6800 142.572
6900 149.78
7000 151.794
7100 156.715
7200 161.248
7300 165.18
7400 171.213
7500 174.672
7600 180.493
7700 183.039
7800 189.829
7900 192.549
8000 198.327
8100 203.482
8200 209.449
8300 213.507
8400 217.824
8500 224.108
8600 229.746
8700 234.817
8800 241.43
8900 245.399
9000 249.392
9100 256.727
9200 264.488
9300 269.079
9400 277.476
9500 282.125
9600 286.043
9700 292.076
9800 300.269
9900 303.075
