5000 155.879
5100 161.53
5200 168.389
5300 175.06
5400 180.676
5500 187.965
5600 194.801
5700 201.137
5800 210.79
5900 217.767
6000 224.963
6100 230.798
6200 237.724
6300 246.853
6400 254.55
6500 262.162
6600 270.298
6700 280.704
6800 287.045
6900 296.336
7000 305.104
7100 312.958
7200 323.135
7300 332.669
7400 339.516
7500 349.024
7600 357.446
7700 369.457
7800 379.435
7900 388.362
8000 397.514
8100 409.569
8200 419.588
8300 430.834
8400 442.157
8500 447.252
8600 460.717
8700 469.261
8800 483.293
8900 494.342
9000 504.788
9100 513.599
9200 526.594
9300 537.464
9400 549.249
9500 560.702
9600 571.966
9700 586.809
9800 593.26
9900 610.921
