5000 0.0786536
5100 0.142505
5200 0.142763
5300 0.143043
5400 0.143914
5500 0.143932
5600 0.143821
5700 0.14409
5800 0.144349
5900 0.144895
6000 0.144865
6100 0.145617
6200 0.145799
6300 0.145623
6400 0.14648
6500 0.14613
6600 0.14641
6700 0.146685
6800 0.146867
6900 0.147214
7000 0.147406
7100 0.147656
7200 0.148016
7300 0.148244
7400 0.148526
7500 0.148725
7600 0.149058
7700 0.149344
7800 0.149491
7900 0.149945
8000 0.150146
8100 0.150808
8200 0.150623
8300 0.151108
8400 0.15107
8500 0.151307
8600 0.152445
8700 0.151792
8800 0.152723
8900 0.152312
9000 0.152582
9100 0.153377
9200 0.153095
9300 0.153669
9400 0.153672
9500 0.153949
9600 0.154573
9700 0.154469
9800 0.154608
9900 0.155117
