5000 0.0128875
5100 0.0133183
5200 0.0136369
5300 0.0139775
5400 0.0142281
5500 0.0144855
5600 0.014754
5700 0.0149553
5800 0.0151868
5900 0.0155112
6000 0.0157658
6100 0.0160642
6200 0.0163076
6300 0.0165492
6400 0.0168496
6500 0.0171041
6600 0.0173706
6700 0.0175881
6800 0.0178895
6900 0.0181529
7000 0.0184162
7100 0.0186549
7200 0.0189543
7300 0.0192168
7400 0.0194941
7500 0.0197287
7600 0.0198788
7700 0.0202537
7800 0.020549
7900 0.0207865
8000 0.0209929
8100 0.0213285
8200 0.021576
8300 0.0218384
8400 0.0220858
8500 0.02261
8600 0.0226187
8700 0.0228803
8800 0.0231478
8900 0.0234172
9000 0.0236707
9100 0.0239251
9200 0.0242048
9300 0.0250221
9400 0.0246553
9500 0.0249889
9600 0.0252627
9700 0.0255108
9800 0.025762
9900 0.0260397
