5000 0.0786646
5100 0.0802213
5200 0.081772
5300 0.083367
5400 0.0849328
5500 0.0870467
5600 0.0880635
5700 0.0899458
5800 0.0912429
5900 0.092849
6000 0.0944059
6100 0.0962431
6200 0.0975411
6300 0.0991201
6400 0.100652
6500 0.102564
6600 0.104309
6700 0.105387
6800 0.107224
6900 0.108527
7000 0.110148
7100 0.111655
7200 0.113521
7300 0.11542
7400 0.116425
7500 0.118209
7600 0.213674
7700 0.213978
7800 0.215498
7900 0.214993
8000 0.214965
8100 0.215432
8200 0.215449
8300 0.215476
8400 0.216251
8500 0.216303
8600 0.216805
8700 0.217203
8800 0.217303
8900 0.217111
9000 0.217622
9100 0.218107
9200 0.218087
9300 0.218082
9400 0.21834
9500 0.218548
9600 0.218765
9700 0.219439
9800 0.220011
9900 0.219968
