5000 14997
5100 15297
5200 15597
5300 15897
5400 16197
5500 16497
5600 16797
5700 17097
5800 17397
5900 17697
6000 17997
6100 18297
6200 18597
6300 18897
6400 19197
6500 19497
6600 19797
6700 20097
6800 20397
6900 20697
7000 20997
7100 21297
7200 21597
7300 21897
7400 22197
7500 22497
7600 22797
7700 23097
7800 23397
7900 23697
8000 23997
8100 24297
8200 24597
8300 24897
8400 25197
8500 25497
8600 25797
8700 26097
8800 26397
8900 26697
9000 26997
9100 27297
9200 27597
9300 27897
9400 28197
9500 28497
9600 28797
9700 29097
9800 29397
9900 29697
