5000 24994
5100 45291
5200 45591
5300 45891
5400 46191
5500 46491
5600 46791
5700 47091
5800 47391
5900 47691
6000 47991
6100 48291
6200 48591
6300 48891
6400 49191
6500 49491
6600 49791
6700 50091
6800 50391
6900 50691
7000 50991
7100 51291
7200 51591
7300 51891
7400 52191
7500 52491
7600 52791
7700 53091
7800 53391
7900 53691
8000 53991
8100 54291
8200 54591
8300 54891
8400 55191
8500 55491
8600 55791
8700 56091
8800 56391
8900 56691
9000 56991
9100 57291
9200 57591
9300 57891
9400 58191
9500 58491
9600 58791
9700 59091
9800 59391
9900 59691
