5000 29991
5100 30291
5200 30591
5300 30891
5400 31191
5500 31491
5600 31791
5700 32091
5800 32391
5900 32691
6000 32991
6100 33291
6200 33591
6300 33891
6400 34191
6500 34491
6600 34791
6700 35091
6800 35391
6900 35691
7000 35991
7100 36291
7200 36591
7300 36891
7400 37191
7500 37491
7600 37791
7700 38091
7800 38391
7900 38691
8000 38991
8100 39291
8200 39591
8300 39891
8400 40191
8500 40491
8600 40791
8700 41091
8800 41391
8900 41691
9000 41991
9100 42291
9200 42591
9300 42891
9400 43191
9500 43491
9600 43791
9700 44091
9800 44391
9900 44691
