5000 24994
5100 25494
5200 25994
5300 26494
5400 26994
5500 27494
5600 27994
5700 28494
5800 28994
5900 29494
6000 29994
6100 30494
6200 30994
6300 31494
6400 31994
6500 32494
6600 32994
6700 33494
6800 33994
6900 34494
7000 34994
7100 35494
7200 35994
7300 36494
7400 36994
7500 37494
7600 67791
7700 68091
7800 68391
7900 68691
8000 68991
8100 69291
8200 69591
8300 69891
8400 70191
8500 70491
8600 70791
8700 71091
8800 71391
8900 71691
9000 71991
9100 72291
9200 72591
9300 72891
9400 73191
9500 73491
9600 73791
9700 74091
9800 74391
9900 74691
