5000 49990000
5100 52009800
5200 54069600
5300 56169400
5400 58309200
5500 60489000
5600 62708800
5700 64968600
5800 67268400
5900 69608200
6000 71988000
6100 74407800
6200 76867600
6300 79367400
6400 81907200
6500 84487000
6600 87106800
6700 89766600
6800 92466400
6900 95206200
7000 97986000
7100 100805800
7200 103665600
7300 106565400
7400 109505200
7500 112485000
7600 115504800
7700 118564600
7800 121664400
7900 124804200
8000 127984000
8100 131203800
8200 134463600
8300 137763400
8400 141103200
8500 144483000
8600 147902800
8700 151362600
8800 154862400
8900 158402200
9000 161982000
9100 165601800
9200 169261600
9300 172961400
9400 176701200
9500 180481000
9600 184300800
9700 188160600
9800 192060400
9900 196000200
