5000 25111153
5100 26087849
5200 27364755
5300 27928419
5400 29565702
5500 29894607
5600 31111174
5700 32303064
5800 33796689
5900 34441126
6000 36029564
6100 36870503
6200 38293215
6300 39741408
6400 41197663
6500 42706850
6600 43834393
6700 44593583
6800 46450885
6900 47569119
7000 48749111
7100 50502552
7200 51612831
7300 53274413
7400 53997644
7500 56755957
7600 56635785
7700 59206670
7800 61326524
7900 61831203
8000 65217086
8100 65861656
8200 67649204
8300 69368298
8400 71554018
8500 71746357
8600 74248979
8700 76170083
8800 77146765
8900 79180901
9000 81146187
9100 82394991
9200 85684189
9300 86581508
9400 88376801
9500 89226514
9600 92183380
9700 94240255
9800 95588668
9900 97789214
