5000 1.90712
5100 1.96419
5200 2.02077
5300 2.02301
5400 2.07197
5500 2.13062
5600 2.17935
5700 2.19189
5800 2.39612
5900 2.23297
6000 2.28869
6100 2.31762
6200 2.44884
6300 2.41133
6400 2.63195
6500 2.47562
6600 2.50149
6700 2.56449
6800 2.61823
6900 2.65547
7000 2.65797
7100 2.74388
7200 2.8608
7300 2.85161
7400 2.87913
7500 2.88537
7600 2.92786
7700 3.06712
7800 3.01199
7900 3.04349
8000 3.13549
8100 3.13084
8200 3.60998
8300 3.30417
8400 3.3014
8500 3.28786
8600 3.36713
8700 3.40115
8800 3.45541
8900 3.47934
9000 3.46555
9100 3.54573
9200 3.8531
9300 3.62352
9400 3.68907
9500 3.71423
9600 3.87239
9700 3.81848
9800 3.82884
9900 3.96879
