5000 9.97557
5100 8.8193
5200 1.86414
5300 9.08112
5400 1.74299
5500 8.59716
5600 1.51362
5700 10.9648
5800 1.55604
5900 10.734
6000 9.34439
6100 1.74556
6200 10.4532
6300 1.85369
6400 11.1152
6500 9.39541
6600 1.78986
6700 10.8239
6800 11.18
6900 2.18926
7000 9.9194
7100 8.86494
7200 10.3575
7300 2.03738
7400 11.3646
7500 10.4757
7600 10.3853
7700 9.69256
7800 2.36057
7900 9.81925
8000 11.8634
8100 8.72256
8200 11.1958
8300 2.26478
8400 11.5633
8500 11.0948
8600 11.7119
8700 10.1998
8800 11.061
8900 10.348
9000 10.4854
9100 10.5725
9200 10.5361
9300 9.6814
9400 10.2657
9500 11.8921
9600 11.4022
9700 11.4234
9800 10.6632
9900 2.69316
