5000 10.309
5100 1.30874
5200 9.68113
5300 8.60195
5400 1.64602
5500 9.78283
5600 1.59362
5700 9.78401
5800 8.16245
5900 1.66406
6000 9.86683
6100 1.53219
6200 11.2228
6300 8.9243
6400 2.07269
6500 10.1008
6600 9.74025
6700 2.24883
6800 9.07642
6900 10.4273
7000 1.84513
7100 10.3916
7200 11.0353
7300 1.82881
7400 11.2018
7500 1.88096
7600 11.74
7700 10.4741
7800 11.212
7900 2.20847
8000 10.3309
8100 10.7874
8200 10.2092
8300 11.5547
8400 2.4538
8500 10.2603
8600 11.0736
8700 10.5644
8800 10.6475
8900 9.85659
9000 10.5626
9100 10.8891
9200 9.78883
9300 10.4325
9400 11.422
9500 10.3673
9600 9.37748
9700 11.9133
9800 11.4796
9900 11.853
