5000 1.45706
5100 8.70512
5200 1.31844
5300 9.07266
5400 8.61148
5500 1.72177
5600 9.19835
5700 8.88094
5800 1.95194
5900 8.97004
6000 9.2468
6100 1.82017
6200 9.02261
6300 1.60862
6400 10.4477
6500 10.7558
6600 8.19763
6700 1.74727
6800 10.2856
6900 1.75517
7000 11.1844
7100 10.1396
7200 2.02661
7300 10.5282
7400 10.9012
7500 10.2517
7600 1.93256
7700 10.9501
7800 10.6564
7900 2.17271
8000 10.8013
8100 10.1916
8200 10.7555
8300 10.222
8400 10.1519
8500 9.72054
8600 10.556
8700 2.73949
8800 11.0421
8900 9.63052
9000 10.7459
9100 10.7076
9200 10.4503
9300 9.98694
9400 11.3157
9500 10.7136
9600 10.6418
9700 10.9891
9800 9.71843
9900 10.5438
