5000 9.01727
5100 8.21974
5200 1.52643
5300 9.10696
5400 1.37836
5500 9.14233
5600 8.36081
5700 1.59024
5800 9.45731
5900 8.65763
6000 1.84618
6100 9.50286
6200 9.5654
6300 1.90673
6400 9.57823
6500 8.91012
6600 1.71468
6700 10.166
6800 9.73336
6900 9.10466
7000 9.08191
7100 2.24374
7200 9.75516
7300 10.1497
7400 8.42598
7500 2.00807
7600 11.3544
7700 10.5028
7800 7.80772
7900 10.8581
8000 2.00736
8100 11.1972
8200 10.9174
8300 10.8322
8400 10.7012
8500 2.20201
8600 11.6735
8700 11.0517
8800 11.1872
8900 11.5446
9000 2.36235
9100 11.0195
9200 11.4852
9300 11.0405
9400 11.0282
9500 11.154
9600 11.2332
9700 11.1889
9800 11.2984
9900 2.60304
