5000 83797
5100 83040
5200 87136
5300 88578
5400 90197
5500 91600
5600 93378
5700 95889
5800 96358
5900 98478
6000 100403
6100 101460
6200 102277
6300 109694
6400 106255
6500 112738
6600 114454
6700 115678
6800 113377
6900 118980
7000 116439
7100 118161
7200 123456
7300 123665
7400 125287
7500 126767
7600 128499
7700 133138
7800 134600
7900 132929
8000 137618
8100 139300
8200 143515
8300 153226
8400 147057
8500 156278
8600 158254
8700 152461
8800 155361
8900 162966
9000 165198
9100 160379
9200 168420
9300 169446
9400 167679
9500 169179
9600 171217
9700 176648
9800 179486
9900 181068
