5000 55017
5100 56120
5200 57216
5300 58318
5400 59417
5500 60520
5600 61618
5700 62717
5800 63818
5900 64918
6000 66019
6100 67120
6200 68217
6300 69318
6400 70415
6500 71518
6600 72618
6700 73718
6800 74817
6900 75920
7000 77019
7100 78121
7200 79216
7300 80317
7400 81419
7500 82519
7600 83619
7700 84718
7800 85820
7900 86921
8000 88018
8100 89120
8200 98415
8300 99618
8400 100817
8500 102018
8600 103218
8700 104421
8800 105617
8900 106818
9000 108018
9100 109219
9200 110420
9300 111618
9400 112819
9500 114019
9600 115217
9700 116420
9800 117618
9900 118820
