5000 60016
5100 64347
5200 62377
5300 64169
5400 66980
5500 65107
5600 68637
5700 69672
5800 72673
5900 69959
6000 71780
6100 68071
6200 77952
6300 76461
6400 70464
6500 76557
6600 75057
6700 83327
6800 82872
6900 83713
7000 78978
7100 84436
7200 87015
7300 90028
7400 90298
7500 89590
7600 91064
7700 93117
7800 93035
7900 93016
8000 88027
8100 97151
8200 101664
8300 106967
8400 107170
8500 109403
8600 110427
8700 111330
8800 109772
8900 113985
9000 115679
9100 116244
9200 118129
9300 116967
9400 118910
9500 121064
9600 122414
9700 120147
9800 125307
9900 126885
