5000 116272
5100 111507
5200 126562
5300 119716
5400 129619
5500 121624
5600 129732
5700 144772
5800 135815
5900 141942
6000 136634
6100 136302
6200 173640
6300 157685
6400 186040
6500 156851
6600 155182
6700 160508
6800 157764
6900 158781
7000 169238
7100 168413
7200 200623
7300 183612
7400 178235
7500 182922
7600 178955
7700 202648
7800 183042
7900 186734
8000 210894
8100 195463
8200 349509
8300 229558
8400 225048
8500 221694
8600 225417
8700 224939
8800 227476
8900 227269
9000 230753
9100 235143
9200 246620
9300 256340
9400 246943
9500 241343
9600 268317
9700 249870
9800 247864
9900 260988
