5000 55018
5100 59887
5200 61323
5300 61331
5400 63356
5500 64283
5600 64913
5700 67388
5800 65651
5900 69265
6000 70490
6100 70377
6200 71800
6300 72667
6400 70464
6500 75693
6600 76753
6700 78175
6800 77986
6900 79185
7000 81122
7100 82040
7200 84215
7300 82028
7400 85514
7500 85848
7600 87714
7700 87669
7800 88939
7900 90544
8000 88027
8100 93319
8200 102064
8300 103335
8400 105174
8500 105587
8600 106911
8700 108158
8800 109202
8900 107225
9000 111315
9100 112072
9200 114069
9300 115267
9400 116084
9500 115818
9600 117972
9700 120101
9800 121843
9900 122247
