5000 60016
5100 61219
5200 62415
5300 63617
5400 64816
5500 66019
5600 67217
5700 68416
5800 69617
5900 70817
6000 72018
6100 73219
6200 74416
6300 75617
6400 76814
6500 78017
6600 79217
6700 80417
6800 81616
6900 82819
7000 84018
7100 85220
7200 86415
7300 87616
7400 88818
7500 90018
7600 92818
7700 96285
7800 97459
7900 97552
8000 88047
8100 99999
8200 108528
8300 111083
8400 110998
8500 105137
8600 114731
8700 114834
8800 115862
8900 118607
9000 119643
9100 120424
9200 119957
9300 120603
9400 123720
9500 121764
9600 115266
9700 121545
9800 120521
9900 126239
