5000 0.332117
5100 0.339353
5200 0.345874
5300 0.344618
5400 0.349347
5500 0.343467
5600 0.362029
5700 0.355714
5800 0.359434
5900 0.365533
6000 0.384974
6100 0.406939
6200 0.413977
6300 0.420462
6400 0.428766
6500 0.434289
6600 0.440592
6700 0.448057
6800 0.455707
6900 0.448461
7000 0.468748
7100 0.475353
7200 0.483872
7300 0.489496
7400 0.49736
7500 0.503119
7600 0.509606
7700 0.516792
7800 0.52351
7900 0.530926
8000 0.536952
8100 0.543567
8200 0.551203
8300 0.558545
8400 0.566683
8500 0.574873
8600 0.580405
8700 0.588709
8800 0.594888
8900 0.601948
9000 0.607858
9100 0.616307
9200 0.622291
9300 0.633909
9400 0.642931
9500 0.639486
9600 0.651114
9700 0.657455
9800 0.664654
9900 0.673951
