5000 0.332997
5100 0.364883
5200 0.366095
5300 0.381947
5400 0.380399
5500 0.400507
5600 0.38092
5700 0.387606
5800 0.425046
5900 0.427045
6000 0.423434
6100 0.440271
6200 0.428959
6300 0.432048
6400 0.463801
6500 0.476638
6600 0.473546
6700 0.505896
6800 0.487021
6900 0.486524
7000 0.513535
7100 0.506444
7200 0.514457
7300 0.555203
7400 0.560376
7500 0.542099
7600 0.583997
7700 0.546247
7800 0.601846
7900 0.580204
8000 0.572381
8100 0.578232
8200 0.624223
8300 0.594414
8400 0.586364
8500 0.60634
8600 0.6379
8700 0.659676
8800 0.696684
8900 0.660956
9000 0.658379
9100 0.672903
9200 0.674646
9300 0.717534
9400 0.72996
9500 0.66683
9600 0.70179
9700 0.742548
9800 0.725527
9900 0.849927
