5000 0.333511
5100 0.338703
5200 0.345604
5300 0.352612
5400 0.359084
5500 0.366597
5600 0.373155
5700 0.379797
5800 0.386899
5900 0.39423
6000 0.401255
6100 0.407909
6200 0.414134
6300 0.422531
6400 0.428501
6500 0.434842
6600 0.442694
6700 0.449259
6800 0.456806
6900 0.462512
7000 0.469388
7100 0.476673
7200 0.482799
7300 0.490921
7400 0.497117
7500 0.504631
7600 0.512505
7700 0.518149
7800 0.524828
7900 0.532648
8000 0.541056
8100 0.545539
8200 0.553109
8300 0.559526
8400 0.567092
8500 0.572504
8600 0.579878
8700 0.587263
8800 0.594463
8900 0.601613
9000 0.60877
9100 0.615362
9200 0.623357
9300 0.629866
9400 0.637109
9500 0.642158
9600 0.652779
9700 0.659541
9800 0.66506
9900 0.676234
