5000 0.417007
5100 0.424853
5200 0.433987
5300 0.441416
5400 0.449832
5500 0.457999
5600 0.466105
5700 0.475063
5800 0.482807
5900 0.490928
6000 0.500517
6100 0.507995
6200 0.515403
6300 0.524847
6400 0.531768
6500 0.539185
6600 0.548751
6700 0.555717
6800 0.565539
6900 0.571764
7000 0.581228
7100 0.587787
7200 0.596739
7300 0.604241
7400 0.612895
7500 0.621171
7600 0.628386
7700 0.637236
7800 0.646833
7900 0.652189
8000 0.662498
8100 0.669377
8200 0.677321
8300 0.685781
8400 0.694016
8500 0.701603
8600 0.709971
8700 0.716885
8800 0.724976
8900 0.734374
9000 0.740075
9100 0.749398
9200 0.758318
9300 0.763433
9400 0.772256
9500 0.778967
9600 0.789261
9700 0.795471
9800 0.804069
9900 0.812573
