5000 175039
5100 178539
5200 182039
5300 185539
5400 189039
5500 192539
5600 196039
5700 199539
5800 203039
5900 206539
6000 210039
6100 213539
6200 217039
6300 220539
6400 224039
6500 227539
6600 231039
6700 234539
6800 238039
6900 241539
7000 245039
7100 248539
7200 252039
7300 255539
7400 259039
7500 262539
7600 266039
7700 269539
7800 273039
7900 276539
8000 280039
8100 283539
8200 287039
8300 290539
8400 294039
8500 297539
8600 301039
8700 304539
8800 308039
8900 311539
9000 315039
9100 318539
9200 322039
9300 325539
9400 329039
9500 332539
9600 336039
9700 339539
9800 343039
9900 346539
