5000 210050
5100 214250
5200 218450
5300 222650
5400 226850
5500 231050
5600 235250
5700 239450
5800 243650
5900 247850
6000 252050
6100 256250
6200 260450
6300 264650
6400 268850
6500 273050
6600 277250
6700 281450
6800 285650
6900 289850
7000 294050
7100 298250
7200 302450
7300 306650
7400 310850
7500 315050
7600 319250
7700 323450
7800 327650
7900 331850
8000 336050
8100 340250
8200 344450
8300 348650
8400 352850
8500 357050
8600 361250
8700 365450
8800 369650
8900 373850
9000 378050
9100 382250
9200 386450
9300 390650
9400 394850
9500 399050
9600 403250
9700 407450
9800 411650
9900 415850
