5000 172539
5100 176039
5200 179539
5300 183039
5400 186539
5500 190039
5600 193539
5700 197039
5800 200539
5900 204039
6000 207539
6100 211039
6200 214539
6300 218039
6400 221539
6500 225039
6600 228539
6700 232039
6800 235539
6900 239039
7000 242539
7100 246039
7200 249539
7300 253039
7400 256539
7500 260039
7600 263539
7700 267039
7800 270539
7900 274039
8000 277539
8100 281039
8200 284539
8300 288039
8400 291539
8500 295039
8600 298539
8700 302039
8800 305539
8900 309039
9000 312539
9100 316039
9200 319539
9300 323039
9400 326539
9500 330039
9600 333539
9700 337039
9800 340539
9900 344039
