5000 170040
5100 173539
5200 177039
5300 180539
5400 184039
5500 187539
5600 191039
5700 194539
5800 198039
5900 201539
6000 205039
6100 208539
6200 212039
6300 215539
6400 219039
6500 222539
6600 226039
6700 229539
6800 233039
6900 236539
7000 240039
7100 243539
7200 247039
7300 250539
7400 254039
7500 257539
7600 261039
7700 264539
7800 268039
7900 271539
8000 275039
8100 278539
8200 282039
8300 285539
8400 289039
8500 292539
8600 296039
8700 299539
8800 303039
8900 306539
9000 310039
9100 313539
9200 317039
9300 320539
9400 324039
9500 327539
9600 331039
9700 334539
9800 338039
9900 341539
