5000 170040
5100 173440
5200 176840
5300 180240
5400 183640
5500 187040
5600 190440
5700 193840
5800 197240
5900 200640
6000 204040
6100 207440
6200 210840
6300 214240
6400 217640
6500 221040
6600 224440
6700 227840
6800 231240
6900 234640
7000 238040
7100 241440
7200 244840
7300 248240
7400 251640
7500 255040
7600 258539
7700 262039
7800 265539
7900 269039
8000 272539
8100 276039
8200 279539
8300 283039
8400 286539
8500 290039
8600 293539
8700 297039
8800 300539
8900 304039
9000 307539
9100 311039
9200 314539
9300 318039
9400 321539
9500 325039
9600 328539
9700 332039
9800 335539
9900 339039
