5000 170051
5100 173447
5200 176845
5300 180251
5400 226863
5500 187046
5600 190448
5700 193851
5800 197252
5900 200642
6000 204050
6100 207451
6200 210848
6300 214246
6400 268854
6500 221049
6600 277256
6700 227847
6800 231248
6900 234650
7000 294055
7100 241448
7200 302457
7300 248249
7400 251645
7500 255048
7600 319259
7700 323458
7800 327657
7900 331857
8000 336057
8100 275449
8200 278853
8300 348659
8400 352857
8500 357060
8600 361257
8700 365462
8800 369661
8900 373857
9000 378062
9100 382263
9200 312847
9300 316249
9400 319648
9500 399059
9600 403258
9700 407460
9800 333249
9900 415863
