5000 24.9663
5100 25.7313
5200 26.7187
5300 27.8915
5400 28.9341
5500 30.1107
5600 30.9829
5700 31.9019
5800 33.4026
5900 34.4183
6000 35.7603
6100 36.7807
6200 38.1612
6300 39.2291
6400 39.775
6500 40.9983
6600 43.1989
6700 44.1407
6800 45.4063
6900 46.9891
7000 47.3517
7100 49.5775
7200 51.2973
7300 52.6812
7400 53.3283
7500 55.3779
7600 56.1275
7700 57.2451
7800 59.0672
7900 61.1342
8000 62.4691
8100 64.4342
8200 66.0544
8300 68.2436
8400 68.8646
8500 71.3911
8600 72.1242
8700 73.6732
8800 76.2739
8900 76.2954
9000 78.6784
9100 81.166
9200 82.7769
9300 84.5292
9400 86.7171
9500 88.4029
9600 90.108
9700 91.5889
9800 94.6521
9900 96.7042
