5000 154.211
5100 160.773
5200 168.991
5300 174.291
5400 180.195
5500 185.581
5600 193.388
5700 201.573
5800 207.83
5900 216.57
6000 224.591
6100 230.986
6200 237.128
6300 246.092
6400 252.82
6500 259.594
6600 270.899
6700 279.87
6800 288.124
6900 296.914
7000 306.238
7100 312.09
7200 324.149
7300 332.701
7400 340.806
7500 348.627
7600 360.699
7700 368.626
7800 376.851
7900 388.794
8000 401.678
8100 406.077
8200 415.687
8300 427.498
8400 437.649
8500 449.76
8600 458.427
8700 468.797
8800 482.048
8900 495.705
9000 500.872
9100 513.277
9200 522.099
9300 534.42
9400 543.6
9500 557.508
9600 570.656
9700 582.785
9800 591.902
9900 604.829
