5000 113.56
5100 121.55
5200 126.897
5300 127.896
5400 133.402
5500 138.727
5600 143.347
5700 148.777
5800 150.808
5900 159.497
6000 163.805
6100 167.069
6200 170.529
6300 174.534
6400 181.36
6500 185.102
6600 192.528
6700 196.117
6800 200.776
6900 209.07
7000 213.665
7100 222.248
7200 226.751
7300 233.778
7400 240.57
7500 243.901
7600 251.301
7700 259.134
7800 262.539
7900 272.165
8000 280.173
8100 282.984
8200 293.533
8300 295.485
8400 306.662
8500 313.373
8600 320.845
8700 325.266
8800 335.416
8900 340.555
9000 348.697
9100 354.684
9200 363.673
9300 367.158
9400 380.317
9500 388.415
9600 396.252
9700 404.882
9800 410.999
9900 420.274
