5000 0.0772671
5100 0.077882
5200 0.0780687
5300 0.0784272
5400 0.0786394
5500 0.0796001
5600 0.0791465
5700 0.0794298
5800 0.0796393
5900 0.0798937
6000 0.0801523
6100 0.081058
6200 0.0807955
6300 0.0808985
6400 0.0814956
6500 0.0814516
6600 0.0816979
6700 0.0825266
6800 0.082239
6900 0.0824942
7000 0.0827307
7100 0.0829624
7200 0.0836634
7300 0.083565
7400 0.0838646
7500 0.0842585
7600 0.0843836
7700 0.0844328
7800 0.0854136
7900 0.0850659
8000 0.0853215
8100 0.0858733
8200 0.0858363
8300 0.0861208
8400 0.0863842
8500 0.0865325
8600 0.0881294
8700 0.0889147
8800 0.0873439
8900 0.0875267
9000 0.087951
9100 0.0880982
9200 0.0883227
9300 0.0886843
9400 0.0888857
9500 0.0898103
9600 0.0895621
9700 0.0899476
9800 0.0898711
9900 0.0900489
