5000 99.4015
5100 102.366
5200 108.601
5300 113.486
5400 116.049
5500 123.363
5600 124.991
5700 131.717
5800 134.513
5900 139.77
6000 141.839
6100 147.316
6200 151.927
6300 158.629
6400 162.404
6500 170.799
6600 173.094
6700 178.597
6800 184.502
6900 187.9
7000 195.875
7100 198.735
7200 207.682
7300 215.06
7400 217.29
7500 225.44
7600 231.936
7700 237.058
7800 245.452
7900 252.029
8000 253.482
8100 258.64
8200 264.652
8300 271.335
8400 280.619
8500 288.478
8600 293.898
8700 301.194
8800 306.852
8900 313.269
9000 318.886
9100 326.868
9200 334.228
9300 345.229
9400 353.481
9500 360.354
9600 369.978
9700 375.316
9800 384.305
9900 390.077
