5000 1.1924
5100 1.18181
5200 1.18186
5300 1.21032
5400 1.2584
5500 1.27582
5600 1.28361
5700 1.29968
5800 1.34459
5900 1.36548
6000 1.39328
6100 1.42198
6200 1.44688
6300 1.51378
6400 1.50649
6500 1.49072
6600 1.56717
6700 1.57643
6800 1.59965
6900 1.62968
7000 1.66008
7100 1.6757
7200 1.69853
7300 1.74707
7400 1.72929
7500 1.72066
7600 1.78883
7700 1.77739
7800 1.83793
7900 1.87865
8000 1.83491
8100 1.91977
8200 1.97072
8300 2.04375
8400 2.03605
8500 2.05165
8600 2.04308
8700 2.10672
8800 2.06321
8900 2.10485
9000 2.10892
9100 2.12309
9200 2.13173
9300 2.24682
9400 2.22704
9500 2.22176
9600 2.31284
9700 2.33557
9800 2.28075
9900 2.33019
