5000 163.592
5100 173.06
5200 182.387
5300 184.571
5400 192.085
5500 197.876
5600 206.87
5700 213.698
5800 223.341
5900 229.529
6000 238.208
6100 244.353
6200 260.097
6300 261.323
6400 271.796
6500 279.633
6600 287.765
6700 299.609
6800 305.438
6900 317.585
7000 324.548
7100 335.605
7200 348.096
7300 355.204
7400 366.479
7500 376.514
7600 386.554
7700 393.241
7800 408.826
7900 415.27
8000 426.378
8100 432.264
8200 446.595
8300 460.856
8400 475.84
8500 487.31
8600 494.25
8700 504.925
8800 524.222
8900 537.97
9000 544.635
9100 552.023
9200 566.395
9300 577.584
9400 583.812
9500 611.305
9600 615.045
9700 634.818
9800 641.176
9900 658.73
