5000 170.884
5100 178.104
5200 186.519
5300 193.368
5400 201.345
5500 206.768
5600 214.91
5700 222.479
5800 230.123
5900 238.514
6000 249.611
6100 255.508
6200 264.802
6300 272.91
6400 282.822
6500 285.62
6600 300.686
6700 309.888
6800 317.738
6900 327.502
7000 338.182
7100 348.092
7200 358.323
7300 368.606
7400 375.459
7500 387.395
7600 396.483
7700 407.115
7800 415.499
7900 426.531
8000 439.844
8100 452.394
8200 464.524
8300 476.78
8400 487.512
8500 500.543
8600 507.871
8700 518.633
8800 531.564
8900 547.486
9000 559.052
9100 567.936
9200 589.071
9300 601.487
9400 616.65
9500 630.75
9600 636.742
9700 649.011
9800 673.41
9900 680.918
