5000 163.329
5100 171.131
5200 176.998
5300 183.719
5400 190.523
5500 201.841
5600 210.403
5700 214.365
5800 223.106
5900 228.421
6000 240.968
6100 244.769
6200 254.521
6300 262.917
6400 273.867
6500 281.06
6600 291.654
6700 301.044
6800 306.832
6900 320.5
7000 324.514
7100 333.729
7200 344.023
7300 358.29
7400 365.451
7500 376.756
7600 384.115
7700 396.294
7800 401.697
7900 417.023
8000 425.523
8100 441.292
8200 448.54
8300 460.132
8400 467.889
8500 482.279
8600 495.302
8700 511.588
8800 519.226
8900 528.8
9000 544.047
9100 554.961
9200 570.646
9300 579.736
9400 589.357
9500 616.576
9600 619.859
9700 635.005
9800 655.576
9900 657.403
