5000 0.330933
5100 0.338207
5200 0.34509
5300 0.353976
5400 0.358874
5500 0.3662
5600 0.371991
5700 0.379768
5800 0.386248
5900 0.393278
6000 0.400345
6100 0.407071
6200 0.41381
6300 0.421267
6400 0.427241
6500 0.434909
6600 0.442153
6700 0.449103
6800 0.45577
6900 0.462102
7000 0.469958
7100 0.477155
7200 0.483205
7300 0.491238
7400 0.496358
7500 0.503018
7600 0.51028
7700 0.516973
7800 0.523886
7900 0.531489
8000 0.537652
8100 0.54453
8200 0.551807
8300 0.560176
8400 0.567627
8500 0.572976
8600 0.579572
8700 0.584063
8800 0.541648
8900 0.564726
9000 0.598423
9100 0.616737
9200 0.622358
9300 0.628694
9400 0.636777
9500 0.641324
9600 0.650775
9700 0.657373
9800 0.663493
9900 0.670803
