5000 0.33775
5100 0.340095
5200 0.351195
5300 0.353055
5400 0.363814
5500 0.367736
5600 0.373703
5700 0.38084
5800 0.388247
5900 0.394102
6000 0.402108
6100 0.40844
6200 0.414593
6300 0.421781
6400 0.429445
6500 0.43522
6600 0.44309
6700 0.450043
6800 0.456275
6900 0.463697
7000 0.470536
7100 0.47736
7200 0.483439
7300 0.491306
7400 0.499053
7500 0.507102
7600 0.511336
7700 0.520498
7800 0.52519
7900 0.532435
8000 0.539091
8100 0.546722
8200 0.552808
8300 0.561051
8400 0.567179
8500 0.574951
8600 0.580645
8700 0.588956
8800 0.594858
8900 0.602718
9000 0.609948
9100 0.616662
9200 0.6247
9300 0.631363
9400 0.639057
9500 0.642406
9600 0.652502
9700 0.658252
9800 0.665587
9900 0.67306
