5000 26.9475
5100 27.6983
5200 29.1647
5300 30.3741
5400 31.2296
5500 32.6605
5600 33.8473
5700 34.993
5800 36.1315
5900 37.3524
6000 38.2472
6100 39.4596
6200 41.5442
6300 41.7161
6400 43.5051
6500 45.3507
6600 46.9093
6700 47.5862
6800 49.8801
6900 50.9565
7000 52.4847
7100 53.2146
7200 55.4201
7300 56.7812
7400 58.3359
7500 60.7017
7600 61.6958
7700 63.4108
7800 64.6605
7900 66.5496
8000 67.8437
8100 69.9069
8200 70.8169
8300 72.6106
8400 75.2633
8500 76.9902
8600 77.9873
8700 81.3545
8800 82.0336
8900 83.8613
9000 86.157
9100 87.4374
9200 90.4578
9300 90.8586
9400 93.9396
9500 96.0345
9600 97.9597
9700 99.937
9800 101.328
9900 102.694
