5000 27.0237
5100 27.9006
5200 29.1932
5300 30.1943
5400 31.4785
5500 32.6731
5600 33.9341
5700 34.7308
5800 35.7685
5900 37.4172
6000 38.5588
6100 40.2405
6200 41.2418
6300 42.4834
6400 43.5153
6500 45.4343
6600 47.0094
6700 48.1144
6800 49.8563
6900 50.284
7000 52.365
7100 53.5749
7200 55.1925
7300 57.4239
7400 58.4269
7500 60.1537
7600 61.0531
7700 61.9502
7800 65.0624
7900 66.6162
8000 68.0612
8100 70.1178
8200 72.5136
8300 73.2471
8400 75.0813
8500 76.8109
8600 79.0718
8700 80.9421
8800 82.6363
8900 84.0813
9000 86.1606
9100 88.8819
9200 89.893
9300 92.7053
9400 95.0365
9500 95.2128
9600 97.1527
9700 99.4428
9800 102.982
9900 103.986
