5000 5.10869
5100 1.28017
5200 9.36038
5300 1.32795
5400 8.57855
5500 1.52012
5600 11.0514
5700 9.23017
5800 1.8433
5900 9.75378
6000 1.63504
6100 10.1224
6200 9.40748
6300 1.76453
6400 10.2772
6500 10.1054
6600 2.14676
6700 9.54438
6800 9.907
6900 1.93856
7000 10.6693
7100 9.93308
7200 9.63492
7300 2.16884
7400 10.862
7500 8.55681
7600 11.1818
7700 2.55232
7800 9.72209
7900 11.3131
8000 9.39602
8100 10.8861
8200 10.5536
8300 9.4433
8400 9.87184
8500 10.1258
8600 2.62644
8700 10.3815
8800 11.9983
8900 10.4956
9000 11.8385
9100 2.49627
9200 10.9869
9300 11.5411
9400 11.0117
9500 10.091
9600 11.0287
9700 11.1566
9800 10.3876
9900 11.4516
