5000 169.69
5100 181.108
5200 183.386
5300 180.596
5400 191.453
5500 188.424
5600 197.587
5700 202.622
5800 208.775
5900 197.098
6000 207.323
6100 206.248
6200 220.625
6300 223.579
6400 219.877
6500 228.266
6600 231.03
6700 232.415
6800 235.241
6900 248.079
7000 245.514
7100 251.335
7200 268.53
7300 254.098
7400 259.654
7500 270.684
7600 266.502
7700 264.052
7800 278.303
7900 275.061
8000 287.273
8100 274.859
8200 293.144
8300 298.782
8400 287.22
8500 295.623
8600 305.5
8700 311.602
8800 322.656
8900 321.488
9000 323.567
9100 317.401
9200 334.154
9300 318.158
9400 329.118
9500 332.999
9600 339.92
9700 331.787
9800 346.307
9900 343.662
