5000 169.741
5100 177.202
5200 180.767
5300 177.084
5400 192.781
5500 187.32
5600 192.353
5700 193.955
5800 203.538
5900 201.761
6000 211.735
6100 217.082
6200 211.857
6300 224.215
6400 219.21
6500 228.019
6600 234.905
6700 231.619
6800 238.978
6900 248.911
7000 247.169
7100 240.248
7200 256.308
7300 250.653
7400 248.593
7500 268.569
7600 266.286
7700 266.763
7800 276.899
7900 276.721
8000 278.619
8100 283.707
8200 286.614
8300 289.39
8400 309.753
8500 292.683
8600 312.308
8700 304.665
8800 315.795
8900 327.366
9000 315.288
9100 319.016
9200 332.016
9300 339.91
9400 334.312
9500 333.468
9600 351.899
9700 346.521
9800 344.054
9900 357.633
