5000 175.695
5100 176.344
5200 179.922
5300 188.922
5400 181.04
5500 188.764
5600 192.915
5700 206.604
5800 208.607
5900 210.77
6000 211.444
6100 212.205
6200 219.79
6300 209.8
6400 214.932
6500 216.017
6600 225.808
6700 227.792
6800 228.572
6900 230.532
7000 247.275
7100 247.544
7200 247.346
7300 250.572
7400 267.073
7500 264.864
7600 265.706
7700 280.154
7800 276.133
7900 266.383
8000 283.678
8100 277.577
8200 289.771
8300 290.409
8400 303.78
8500 292.369
8600 288.842
8700 302.909
8800 320.157
8900 312.059
9000 299.235
9100 310.14
9200 316.43
9300 325.372
9400 334.049
9500 342.718
9600 347.728
9700 339.296
9800 346.312
9900 338.997
