5000 174.42
5100 174.084
5200 176.54
5300 182.611
5400 180.158
5500 197.905
5600 194.036
5700 190.113
5800 209.1
5900 207.042
6000 209.24
6100 206.949
6200 206.565
6300 213.224
6400 224.949
6500 226.213
6600 228.907
6700 240.627
6800 232.591
6900 243.686
7000 253.423
7100 252.406
7200 252.375
7300 265.491
7400 266.476
7500 269.888
7600 274.909
7700 275.688
7800 288.034
7900 287.065
8000 283.964
8100 281.834
8200 295.496
8300 299.569
8400 299.756
8500 305.661
8600 318.564
8700 315.565
8800 313.358
8900 326.457
9000 323.287
9100 328.892
9200 339.406
9300 333.177
9400 340.704
9500 342.14
9600 342.922
9700 366.962
9800 352.789
9900 364.026
