5000 151.961
5100 148.883
5200 151.469
5300 143.951
5400 156.997
5500 167.557
5600 177.769
5700 192.199
5800 170.939
5900 178.414
6000 173.832
6100 188.578
6200 189.419
6300 193.572
6400 201.108
6500 193.918
6600 198.421
6700 207.547
6800 213.072
6900 213.899
7000 211.269
7100 212.438
7200 219.12
7300 217.045
7400 233.16
7500 240.544
7600 241.64
7700 230.939
7800 241.898
7900 243.074
8000 263.953
8100 264.006
8200 269.716
8300 269.176
8400 280.848
8500 339.314
8600 370.739
8700 369.792
8800 324.027
8900 361.691
9000 319.926
9100 314.285
9200 297.332
9300 304.437
9400 319.912
9500 319.607
9600 326.11
9700 316.69
9800 328.71
9900 351.808
