5000 166.01
5100 183.056
5200 176
5300 184.115
5400 187.544
5500 191.02
5600 190.645
5700 190.393
5800 201.439
5900 200.652
6000 211.732
6100 214.902
6200 217.545
6300 217.831
6400 231.009
6500 230.573
6600 240.399
6700 230.944
6800 237.568
6900 243.662
7000 243.122
7100 252.816
7200 244.744
7300 258.005
7400 250.118
7500 248.015
7600 254.26
7700 256.031
7800 281.265
7900 295.988
8000 305.61
8100 284.312
8200 292.451
8300 292.81
8400 299.062
8500 309.41
8600 302.392
8700 308.108
8800 313.242
8900 321.295
9000 319.14
9100 322.321
9200 326.61
9300 328.868
9400 335.108
9500 322.404
9600 347.118
9700 343.595
9800 342.975
9900 336.509
