5000 168.5
5100 176.456
5200 184.242
5300 190.221
5400 197.585
5500 208.815
5600 213.271
5700 224.234
5800 230.917
5900 238.514
6000 246.653
6100 254.993
6200 265.893
6300 271.304
6400 282.966
6500 292.241
6600 298.807
6700 310.219
6800 316.633
6900 328.068
7000 338.009
7100 349.15
7200 358.374
7300 363.211
7400 372.679
7500 386.432
7600 397.477
7700 411.39
7800 426.35
7900 436.946
8000 441.573
8100 456.306
8200 465.711
8300 472.806
8400 487.851
8500 501.783
8600 510.06
8700 518.765
8800 534.966
8900 543.3
9000 564.413
9100 574.626
9200 582.225
9300 600.52
9400 621.167
9500 630.385
9600 645.662
9700 653.751
9800 662.701
9900 671.282
