5000 173.798
5100 179.779
5200 186.386
5300 195.55
5400 204.201
5500 211.023
5600 218.484
5700 225.036
5800 235.675
5900 240.692
6000 248.244
6100 256.371
6200 264.043
6300 273.812
6400 279.271
6500 293.168
6600 302.933
6700 314.45
6800 323.759
6900 329.715
7000 341.016
7100 349.074
7200 362.214
7300 369.018
7400 381.6
7500 389.037
7600 400.517
7700 412.892
7800 422.49
7900 433.65
8000 445.483
8100 453.834
8200 468.295
8300 478.747
8400 490.345
8500 494.116
8600 507.261
8700 517.078
8800 534.341
8900 549.719
9000 555.844
9100 567.475
9200 584.141
9300 604.042
9400 614.617
9500 621.568
9600 646.358
9700 659.656
9800 665.561
9900 679.218
