5000 171.937
5100 178.483
5200 185.927
5300 193.259
5400 199.943
5500 206.263
5600 216.188
5700 224.317
5800 231.546
5900 238.501
6000 248.427
6100 256.432
6200 264.534
6300 273.455
6400 283.686
6500 290.855
6600 299.335
6700 308.577
6800 320.72
6900 328.79
7000 339.685
7100 346.112
7200 358.461
7300 369.028
7400 376.483
7500 386.495
7600 395.353
7700 408.562
7800 419.656
7900 429.636
8000 443.594
8100 453.881
8200 463.88
8300 475.91
8400 489.376
8500 498.925
8600 512.803
8700 516.013
8800 536.286
8900 543.838
9000 558.14
9100 573.421
9200 587.559
9300 603.706
9400 612.552
9500 630.892
9600 645.897
9700 650.859
9800 665.463
9900 673.427
