5000 62487601
5100 65012351
5200 67587101
5300 70211851
5400 72886601
5500 75611351
5600 78386101
5700 81210851
5800 84085601
5900 87010351
6000 89985101
6100 93009851
6200 96084601
6300 99209351
6400 102384101
6500 105608851
6600 108883601
6700 112208351
6800 115583101
6900 119007851
7000 122482601
7100 126007351
7200 129582101
7300 133206851
7400 136881601
7500 140606351
7600 144396593
7700 148221843
7800 152097093
7900 156022343
8000 159997593
8100 164022843
8200 168098093
8300 172223343
8400 176398593
8500 180623843
8600 184899093
8700 189224343
8800 193599593
8900 198024843
9000 202500093
9100 207025343
9200 211600593
9300 216225843
9400 220901093
9500 225626343
9600 230401593
9700 235226843
9800 240102093
9900 245027343
