5000 62505093
5100 65030343
5200 67605593
5300 70230843
5400 72906093
5500 75631343
5600 78406593
5700 81231843
5800 84107093
5900 87032343
6000 90007593
6100 93032843
6200 96108093
6300 99233343
6400 102408593
6500 105633843
6600 108909093
6700 112234343
6800 115609593
6900 119034843
7000 122510093
7100 126035343
7200 129610593
7300 133235843
7400 136911093
7500 140636343
7600 144411593
7700 148236843
7800 152112093
7900 156037343
8000 160012593
8100 164037843
8200 168113093
8300 172238343
8400 176413593
8500 180638843
8600 184914093
8700 189239343
8800 193614593
8900 198039843
9000 202515093
9100 207040343
9200 211615593
9300 216240843
9400 220916093
9500 225641343
9600 230416593
9700 235241843
9800 240117093
9900 245042343
