5000 43762732
5100 45530482
5200 47333232
5300 49170982
5400 51043732
5500 52951482
5600 54894232
5700 56871982
5800 58884732
5900 60932482
6000 63015232
6100 65132982
6200 67285732
6300 69473482
6400 71696232
6500 73953982
6600 76246732
6700 78574482
6800 80937232
6900 83334982
7000 85767732
7100 88235482
7200 90738232
7300 93275982
7400 95848732
7500 98456482
7600 101099232
7700 103776982
7800 106489732
7900 109237482
8000 112020232
8100 114837982
8200 117690732
8300 120578482
8400 123501232
8500 126458982
8600 129451732
8700 132479482
8800 135542232
8900 138639982
9000 141772732
9100 144940482
9200 148143232
9300 151380982
9400 154653732
9500 157961482
9600 161304232
9700 164681982
9800 168094732
9900 171542482
