5000 62512593
5100 65037843
5200 67613093
5300 70238343
5400 72913593
5500 75638843
5600 78414093
5700 81239343
5800 84114593
5900 87039843
6000 90015093
6100 93040343
6200 96115593
6300 99240843
6400 102416093
6500 105641343
6600 108916593
6700 112241843
6800 115617093
6900 119042343
7000 122517593
7100 126042843
7200 129618093
7300 133243343
7400 136918593
7500 140643843
7600 144419093
7700 148244343
7800 152119593
7900 156044843
8000 160020093
8100 164045343
8200 168120593
8300 172245843
8400 176421093
8500 180646343
8600 184921593
8700 189246843
8800 193622093
8900 198047343
9000 202522593
9100 207047843
9200 211623093
9300 216248343
9400 220923593
9500 225648843
9600 230424093
9700 235249343
9800 240124593
9900 245049843
