5000 62487601
5100 65022843
5200 67598093
5300 70223343
5400 72898593
5500 75623843
5600 78399093
5700 81224343
5800 84099593
5900 87024843
6000 90000093
6100 93025343
6200 96100593
6300 99225843
6400 102401093
6500 105626343
6600 108901593
6700 112226843
6800 115602093
6900 119027343
7000 122502593
7100 126027843
7200 129603093
7300 133228343
7400 136903593
7500 140628843
7600 144404093
7700 148229343
7800 152104593
7900 156029843
8000 160005093
8100 164030343
8200 168105593
8300 172230843
8400 176406093
8500 180631343
8600 184906593
8700 189231843
8800 193607093
8900 198032343
9000 202507593
9100 207032843
9200 211608093
9300 216233343
9400 220908593
9500 225633843
9600 230409093
9700 235234343
9800 240109593
9900 245034843
