5000 338300
5100 326225
5200 350648
5300 366235
5400 382846
5500 366415
5600 364128
5700 378019
5800 383603
5900 375493
6000 397065
6100 400463
6200 433387
6300 412728
6400 456800
6500 424119
6600 437038
6700 480998
6800 448111
6900 497115
7000 511492
7100 468531
7200 495030
7300 498063
7400 497626
7500 514040
7600 497182
7700 577018
7800 517788
7900 544353
8000 523863
8100 544206
8200 541145
8300 555827
8400 575303
8500 575215
8600 580485
8700 572265
8800 587751
8900 619036
9000 605957
9100 629258
9200 584836
9300 656568
9400 641623
9500 641953
9600 653287
9700 643405
9800 748096
9900 693245
